0 
1 152 190 358 222 
2 129 140 478 276 
3 143 130 456 289 
4 149 130 446 287 
5 140 131 454 286 
6 141 120 454 299 
7 193 126 423 292 420 250 132 146 
8 194 142 339 270 337 174 126 189 
9 169 147 330 259 
10 167 147 284 250 285 209 150 164 290 222 135 159 
11 164 117 430 303 193 266 351 151 
12 209 104 392 331 
13 195 131 376 297 
14 198 123 422 309 
15 207 119 402 315 336 137 262 280 
16 196 135 421 295 242 138 338 289 
17 200 126 417 300 
18 350 142 204 266 204 137 346 278 192 272 376 150 
19 168 131 426 292 
20 195 142 363 276 
21 188 132 375 282 
22 174 126 418 291 
23 171 128 423 291 
24 197 124 419 294 
25 173 128 418 292 
26 162 124 428 305 
27 186 131 349 285 
28 195 127 331 291 
29 198 121 325 302 
30 198 124 324 296 323 191 305 221 
31 197 126 326 297 
32 165 123 410 300 
33 202 138 419 293 
34 160 129 423 285 
35 95 96 475 334 
36 120 60 472 363 
37 125 84 206 331 
38 117 138 179 285 
39 109 120 258 302 289 292 253 122 
40 107 130 186 287 
41 100 141 201 280 
42 110 103 284 320 
43 130 86 307 317 
44 132 113 382 312 
45 182 85 271 329 
46 233 118 256 304 
47 227 131 286 284 361 243 81 123 
48 95 119 446 301 
49 0 195 562 231 4 194 432 228 
50 120 125 408 301 
51 139 137 441 278 
52 94 142 465 272 
53 94 139 467 281 
54 148 130 420 295 
55 361 196 85 215 160 113 393 322 
56 127 202 394 220 
57 268 123 91 211 238 134 280 284 312 303 91 115 
58 246 146 266 266 364 228 92 154 
59 29 124 491 300 
60 213 130 317 289 
61 185 142 353 272 
62 110 138 424 285 352 322 109 99 
63 201 144 338 271 
64 102 143 443 281 
65 203 142 347 282 347 307 117 108 
66 223 138 311 282 
67 204 167 319 245 
68 210 165 321 252 
69 206 161 333 257 
70 209 165 330 252 
